1 4682552890.386915 20.854746 266900000 
2 88134700921.864639 30833.322463 266900000 
3 121921055127.458282 33408.477211 266900000 
4 141386529123.918213 32576.468793 266900000 
5 233633791935.981964 23441.005895 266900000 
6 778670172020.064453 12974.185585 266900000 
7 1432208818647.229004 9652.282776 266900000 
8 2874499518151.553223 6834.526083 266900000 
9 4501119950566.319336 5477.538808 266900000 
1 4697539300.555556 20.732489 267900000 
2 85339549960.207443 30897.614038 267900000 
3 126678931315.286285 32072.511245 267900000 
4 141896741629.616119 32353.349615 267900000 
5 232326629203.887207 23525.480243 267900000 
6 778728027827.494385 12973.352507 267900000 
7 1432242639290.283691 9651.946334 267900000 
8 2874531056030.889648 6834.467046 267900000 
9 4501143485288.413086 5477.516651 267900000 
1 4712408733.277673 20.612275 268900000 
2 78074949430.272049 33771.173656 268900000 
3 130284159486.614319 30995.163617 268900000 
4 142861973610.387268 31998.198921 268900000 
5 230971599139.244415 23616.446457 268900000 
6 778785691792.350952 12972.540644 268900000 
7 1432276401077.593018 9651.609169 268900000 
8 2874562721787.750977 6834.407725 268900000 
9 4501167117359.015625 5477.494390 268900000 
1 4727156983.099578 20.491549 269900000 
2 67506868875.270264 39734.191879 269900000 
3 132599228121.007523 30211.319886 269900000 
4 144227795521.086212 31537.613645 269900000 
5 229582292998.716736 23713.081046 269900000 
6 778843156849.380249 12971.750205 269900000 
7 1432310100730.993164 9651.271301 269900000 
8 2874594515181.703613 6834.348119 269900000 
9 4501190846742.007812 5477.472024 269900000 
1 4741779619.774307 20.368343 270900000 
2 57997812173.723351 49298.249256 270900000 
3 133550043511.662949 29738.448081 270900000 
4 145920154772.682770 31002.605473 270900000 
5 228173183766.941559 23814.475274 270900000 
6 778900416010.200439 12970.981395 270900000 
7 1432343734986.193848 9650.932749 270900000 
8 2874626435971.506348 6834.288228 270900000 
9 4501214673400.922852 5477.449553 270900000 
1 4756275265.242072 20.243470 271900000 
2 58376949798.811600 59708.795240 271900000 
3 133108578681.826767 29584.592214 271900000 
4 147852279136.559235 30424.649771 271900000 
5 226759527673.942993 23919.637243 271900000 
6 778957462360.166016 12970.234409 271900000 
7 1432377300593.010010 9650.593532 271900000 
8 2874658483915.074219 6834.228051 271900000 
9 4501238597298.941406 5477.426977 271900000 
1 4770644655.079107 20.123189 272900000 
2 67590271454.060860 54037.710835 272900000 
3 131286150161.730576 29752.188160 272900000 
4 149931748883.571503 29832.807502 272900000 
5 225357237645.678284 24027.495681 272900000 
6 779014289055.470581 12969.509439 272900000 
7 1432410794315.552490 9650.253669 272900000 
8 2874690658769.459961 6834.167589 272900000 
9 4501262618398.883789 5477.404296 272900000 
1 4784879168.800555 20.000459 273900000 
2 78381919096.929794 43370.035770 273900000 
3 128136123768.004883 30239.118792 273900000 
4 152066687780.972046 29252.124185 273900000 
5 223982725885.689026 24136.905887 273900000 
6 779070889322.096191 12968.806671 273900000 
7 1432444212932.574463 9649.913180 273900000 
8 2874722960290.831543 6834.106841 273900000 
9 4501286736663.201172 5477.381509 273900000 
1 4798970346.016173 19.871488 274900000 
2 86005472100.020645 36028.404886 274900000 
3 123766536170.399017 31037.467755 274900000 
4 154170499320.904053 28703.100221 274900000 
5 222652714051.326538 24246.658411 274900000 
6 779127256453.292969 12968.126283 274900000 
7 1432477553237.774170 9649.572084 274900000 
8 2874755388234.441895 6834.045806 274900000 
9 4501310952053.963867 5477.358617 274900000 
1 4812910996.243895 19.736385 275900000 
2 89088489377.755936 31985.590308 275900000 
3 118364624331.675369 32129.437692 275900000 
4 156165033587.513336 28201.868030 275900000 
5 221384011421.755920 24355.490493 275900000 
6 779183383806.578125 12967.468452 275900000 
7 1432510812039.785645 9649.230399 275900000 
8 2874787942354.614258 6833.984483 275900000 
9 4501335264532.861328 5477.335619 275900000 
1 4826693772.253028 19.594691 276900000 
2 87307293933.753387 30844.563014 276900000 
3 112235560796.149506 33478.972419 276900000 
4 157982379490.469238 27760.733448 276900000 
5 220193263472.808380 24462.099863 276900000 
6 779239264801.519043 12966.833346 276900000 
7 1432543986162.088379 9648.888144 276900000 
8 2874820622404.731934 6833.922874 276900000 
9 4501359674061.190430 5477.312515 276900000 
1 4840310365.902773 19.444970 277900000 
2 80707354206.711746 32507.615020 277900000 
3 105853428689.319778 35017.146671 277900000 
4 159565618522.295349 27388.835024 277900000 
5 219096674749.554108 24565.159718 277900000 
6 779294892918.525024 12966.221135 277900000 
7 1432577072442.972900 9648.545338 277900000 
8 2874853428137.235352 6833.860976 277900000 
9 4501384180599.855469 5477.289305 277900000 
1 4853751245.737079 19.284736 278900000 
2 69938102210.195831 37121.635300 278900000 
3 99905761571.390289 36621.236289 278900000 
4 160868893229.840576 27092.775100 278900000 
5 218109709401.724884 24663.334502 278900000 
6 779350261699.227539 12965.631982 278900000 
7 1432610067735.664551 9648.202001 278900000 
8 2874886359303.616699 6833.798791 278900000 
9 4501408784109.352539 5477.265989 278900000 
1 4867006321.116280 19.110596 279900000 
2 57987467509.661407 45132.782126 279900000 
3 95275090209.326859 38095.582876 279900000 
4 161857092229.245300 26877.151468 279900000 
5 217246772739.618927 24755.299481 279900000 
6 779405364749.699219 12965.066051 279900000 
7 1432642968908.703369 9647.858151 279900000 
8 2874919415654.407227 6833.736316 279900000 
9 4501433484549.768555 5477.242566 279900000 
1 4880067952.555206 18.919491 280900000 
2 54281352451.844528 56060.269191 280900000 
3 92864178394.146423 39179.954479 280900000 
4 162505378631.086792 26744.967916 280900000 
5 216520883259.765533 24839.767655 280900000 
6 779460195747.958252 12964.523500 280900000 
7 1432675772846.622314 9647.513809 280900000 
8 2874952596939.149902 6833.673553 280900000 
9 4501458281880.763672 5477.219037 280900000 
1 4892939356.992374 18.716043 281900000 
2 63332819091.543808 58420.524409 281900000 
3 93242394312.304672 39621.481099 281900000 
4 162798724840.994873 26697.926635 281900000 
5 215943353363.986542 24915.520322 281900000 
6 779514748454.682617 12964.004482 281900000 
7 1432708476450.810059 9647.168993 281900000 
8 2874985902906.349121 6833.610500 281900000 
9 4501483176061.555664 5477.195401 281900000 
1 4905629652.665504 18.510767 282900000 
2 76518826549.317459 47493.085661 282900000 
3 96333423887.977936 39300.300811 282900000 
4 162731567486.681732 26736.595554 282900000 
5 215523494367.592529 24981.434204 282900000 
6 779569016722.097534 12963.509135 282900000 
7 1432741076640.239746 9646.823723 282900000 
8 2875019333303.402344 6833.547156 282900000 
9 4501508167050.906250 5477.171658 282900000 
1 4918146927.193955 18.303948 283900000 
2 86752579258.320038 38569.731664 283900000 
3 101456624993.609619 38305.828620 283900000 
4 162307606142.391357 26860.438195 283900000 
5 215268356119.225830 25036.509737 283900000 
6 779622994495.198730 12963.037583 283900000 
7 1432773570352.097412 9646.478018 283900000 
8 2875052887876.526855 6833.483522 283900000 
9 4501533254807.103516 5477.147807 283900000 
1 4930502114.029854 18.099558 284900000 
2 92150256426.868423 33173.200051 284900000 
3 107678420193.340027 36878.504207 284900000 
4 161539723600.395264 27067.780186 284900000 
5 215182519882.734192 25079.900494 284900000 
6 779676675800.799316 12962.589932 284900000 
7 1432805954542.114258 9646.131897 284900000 
8 2875086566370.684570 6833.419597 284900000 
9 4501558439287.952148 5477.123850 284900000 
1 4942706204.811380 17.900776 285900000 
2 92338538870.470123 30797.041552 285900000 
3 114141691067.417862 35283.341730 285900000 
4 160450059946.924896 27355.683817 285900000 
5 215267959163.689819 25110.935728 285900000 
6 779730054733.319580 12962.166280 285900000 
7 1432838226184.453369 9645.785377 285900000 
8 2875120368529.546387 6833.355380 285900000 
9 4501583720450.769531 5477.099785 285900000 
1 4954768343.004482 17.708497 286900000 
2 87260353067.892227 31219.790434 286900000 
3 120202642376.641327 33727.167019 286900000 
4 159070193757.802460 27719.680289 286900000 
5 215523974437.234039 25129.137121 286900000 
6 779783125445.074097 12961.766726 286900000 
7 1432870382271.397217 9645.438476 286900000 
8 2875154294095.480957 6833.290870 286900000 
9 4501609098252.383789 5477.075613 286900000 
1 4966695439.202581 17.522229 287900000 
2 77079741215.775635 34479.603374 287900000 
3 125427771472.154114 32342.764329 287900000 
4 157441331753.574982 28153.379457 287900000 
5 215947204418.160950 25134.230775 287900000 
6 779835882141.670898 12961.391364 287900000 
7 1432902419813.060547 9645.091211 287900000 
8 2875188342809.563477 6833.226068 287900000 
9 4501634572649.133789 5477.051333 287900000 
1 4978492326.182653 17.340812 288900000 
2 63018274073.600143 40902.353520 288900000 
3 129542916916.032013 31205.942043 288900000 
4 155614380159.196533 28647.959785 288900000 
5 216531712946.785797 25126.153715 288900000 
6 779888319080.558228 12961.040286 288900000 
7 1432934335837.249268 9644.743601 288900000 
8 2875222514411.572754 6833.160973 288900000 
9 4501660143596.861328 5477.026945 288900000 
1 4990161841.849348 17.162267 289900000 
2 51266719270.390923 50919.726694 289900000 
3 132382720948.135910 30356.963327 289900000 
4 153649731878.884796 29191.555215 289900000 
5 217269146309.007538 25105.054418 289900000 
6 779940430571.365845 12960.713582 289900000 
7 1432966127389.504150 9644.395663 289900000 
8 2875256808639.983398 6833.095584 289900000 
9 4501685811050.906250 5477.002449 289900000 
1 5001706903.947083 16.983916 290900000 
2 55507703399.809196 60207.425161 290900000 
3 133854258836.098709 29816.158049 290900000 
4 151616566916.977509 29768.599345 290900000 
5 218148951934.793182 25071.287395 290900000 
6 779992210977.766113 12960.411336 290900000 
7 1432997791533.354004 9644.047416 290900000 
8 2875291225231.944336 6833.029901 290900000 
9 4501711574966.098633 5476.977845 290900000 
1 5013138534.255025 16.812629 291900000 
2 70452032436.409592 52238.366051 291900000 
3 133914993918.291809 29593.099036 291900000 
4 149591446788.162659 30359.259346 291900000 
5 219158646780.241760 25025.402109 291900000 
6 780043654719.261108 12960.133627 291900000 
7 1433029325350.710205 9643.698877 291900000 
8 2875325763923.242676 6832.963924 291900000 
9 4501737435296.744141 5476.953132 291900000 
1 5024463415.431633 16.651886 292900000 
2 84036546810.364212 41932.141593 292900000 
3 132562399300.600937 29691.188822 292900000 
4 147656011592.449921 30939.188590 292900000 
5 220284120833.409943 24968.126385 292900000 
6 780094756270.548950 12959.880527 292900000 
7 1433060725942.136719 9643.350064 292900000 
8 2875360424448.271484 6832.897651 292900000 
9 4501763391996.619141 5476.928312 292900000 
1 5035683592.142734 16.497650 293900000 
2 92629190673.307983 35139.700001 293900000 
3 129833417792.958084 30109.249245 293900000 
4 145893665183.854492 31479.924228 293900000 
5 221509961228.830536 24900.346576 293900000 
6 780145510163.375122 12959.652105 293900000 
7 1433091990427.214355 9643.000996 293900000 
8 2875395206540.000488 6832.831082 293900000 
9 4501789445018.960938 5476.903383 293900000 
1 5046799878.479478 16.348632 294900000 
2 95669313846.317093 31559.147727 294900000 
3 125813657176.956467 30840.796073 294900000 
4 144385285118.935028 31950.306255 294900000 
5 222819783450.186188 24823.084119 294900000 
6 780195910988.570068 12959.448419 294900000 
7 1433123115944.986572 9642.651691 294900000 
8 2875430109929.935547 6832.764218 294900000 
9 4501815594316.456055 5476.878345 294900000 
1 5057811669.696604 16.204138 295900000 
2 93102229512.410339 30836.427875 295900000 
3 120657993416.645615 31870.686160 295900000 
4 143204188776.624420 32319.155335 295900000 
5 224196556530.485260 24737.470127 295900000 
6 780245953397.086426 12959.269522 295900000 
7 1433154099654.308838 9642.302167 295900000 
8 2875465134348.068359 6832.697056 295900000 
9 4501841839841.230469 5476.853198 295900000 
1 5068716129.445595 16.062941 296900000 
2 84930663171.595200 32912.219384 296900000 
3 114625345159.532059 33167.853159 296900000 
4 142410777566.631073 32559.087105 296900000 
5 225622911631.362457 24644.719200 296900000 
6 780295632099.997559 12959.115459 296900000 
7 1433184938734.065430 9641.952440 296900000 
8 2875500279522.830566 6832.629598 296900000 
9 4501868181544.841797 5476.827943 296900000 
1 5079507277.528008 15.922744 297900000 
2 71486087784.278656 37979.109997 297900000 
3 108128457739.602402 34672.209422 297900000 
4 142047448571.584869 32650.769157 297900000 
5 227081425851.450592 24546.103462 297900000 
6 780344941867.158447 12958.986266 297900000 
7 1433215630383.298828 9641.602529 297900000 
8 2875535545181.049316 6832.561841 297900000 
9 4501894619378.266602 5476.802579 297900000 
1 5090175013.970173 15.779572 298900000 
2 55394370118.668839 46522.281222 298900000 
3 101788115575.276398 36274.846590 298900000 
4 142134481100.549622 32586.427127 298900000 
5 228554875667.940491 24442.927734 298900000 
6 780393877524.175903 12958.881971 298900000 
7 1433246171821.312988 9641.252451 298900000 
8 2875570931047.908691 6832.493786 298900000 
9 4501921153291.899414 5476.777105 298900000 
1 5100704315.236468 15.626397 299900000 
2 48765407496.926804 57496.686704 299900000 
3 96449359883.123138 37797.053918 299900000 
4 142667637712.003693 32371.378000 299900000 
5 230026456850.662842 24336.506554 299900000 
6 780442433947.833130 12958.802595 299900000 
7 1433276560287.824707 9640.902224 299900000 
8 2875606436846.920898 6832.425432 299900000 
9 4501947783235.542969 5476.751523 299900000 
1 5111081658.033985 15.455590 300900000 
2 60515282411.505714 57042.433136 300900000 
3 93069530943.635437 38989.454867 300900000 
4 143618077506.157990 32022.998526 300900000 
5 231479969800.368042 24228.143565 300900000 
6 780490606062.242920 12958.748155 300900000 
7 1433306793043.283691 9640.551866 300900000 
8 2875642062299.900879 6832.356779 300900000 
9 4501974509158.407227 5476.725831 300900000 
1 5121304088.392529 15.273511 301900000 
2 76930895608.489029 46087.337021 301900000 
3 92404114109.917038 39587.869323 301900000 
4 144934790456.114746 31567.526915 301900000 
5 232899970952.037415 24119.113698 301900000 
6 780538388839.140625 12958.718665 301900000 
7 1433336867369.388184 9640.201392 301900000 
8 2875677807126.923828 6832.287825 301900000 
9 4502001331009.094727 5476.700030 301900000 
1 5131370240.419100 15.082107 302900000 
2 89213035681.310837 37728.073498 302900000 
3 94623401107.320343 39432.981176 302900000 
4 146549198913.721497 31035.842728 302900000 
5 234271892677.764038 24010.648341 302900000 
6 780585777300.734375 12958.714135 302900000 
7 1433366780569.439941 9639.850821 302900000 
8 2875713671046.281250 6832.218571 302900000 
9 4502028248735.592773 5476.674120 302900000 
1 5141283250.494376 14.883967 303900000 
2 95843587242.998856 32810.447681 303900000 
3 99209212234.398682 38568.469987 303900000 
4 148381076800.991943 30459.476948 303900000 
5 235582134796.206329 23903.923042 303900000 
6 780632766527.386230 12958.734567 303900000 
7 1433396529968.586914 9639.500170 303900000 
8 2875749653774.424805 6832.149016 303900000 
9 4502055262285.267578 5476.648100 303900000 
1 5151050354.046102 14.684149 304900000 
2 96695253914.886017 30863.894760 304900000 
3 105246645987.543320 37212.079583 304900000 
4 150344736963.492615 29867.669359 304900000 
5 236818130835.658997 23800.047854 304900000 
6 780679351661.617920 12958.779951 304900000 
7 1433426112913.896729 9639.149454 304900000 
8 2875785755025.909668 6832.079159 304900000 
9 4502082371604.852539 5476.621971 304900000 
1 5160679916.286287 14.486628 305900000 
2 91766806873.590851 31713.517841 305900000 
3 111808042133.654068 35633.100913 305900000 
4 152354584275.763062 29285.704559 305900000 
5 237968392976.443817 23700.060440 305900000 
6 780725527902.135010 12958.850264 305900000 
7 1433455526774.200195 9638.798690 305900000 
8 2875821974513.353516 6832.009000 305900000 
9 4502109576640.449219 5476.595732 305900000 
1 5170179251.771402 14.293267 306900000 
2 81084847729.603180 35434.339547 306900000 
3 118160658339.035141 34054.468918 306900000 
4 154329491944.957062 28734.335166 306900000 
5 239022539810.635071 23604.921269 306900000 
6 780771290492.597900 12958.945470 306900000 
7 1433484768939.817139 9638.447895 306900000 
8 2875858311947.419922 6831.938539 306900000 
9 4502136877337.525391 5476.569384 306900000 
1 5179553661.580227 14.104389 307900000 
2 65404708365.568405 42397.925444 307900000 
3 123797932687.713898 32624.362141 307900000 
4 156195841887.875519 28229.930993 307900000 
5 239971310577.051422 23515.510496 307900000 
6 780816634712.351562 12959.065535 307900000 
7 1433513836822.302979 9638.097083 307900000 
8 2875894767036.817383 6831.867774 307900000 
9 4502164273640.919922 5476.542925 307900000 
1 5188805413.190908 13.918981 308900000 
2 50195519982.973221 52828.710443 308900000 
3 128394546951.040939 31429.156665 308900000 
4 157889350884.118073 27785.007549 308900000 
5 240806569167.990967 23432.626310 308900000 
6 780861555871.481567 12959.210420 308900000 
7 1433542727854.290771 9637.746272 308900000 
8 2875931339488.297852 6831.796705 308900000 
9 4502191765494.834961 5476.516358 308900000 
1 5197931837.992453 13.731823 309900000 
2 51414927178.603210 60076.839217 309900000 
3 131751347468.786682 30515.307829 309900000 
4 159355948693.531189 27408.881789 309900000 
5 241521300910.627869 23356.984493 309900000 
6 780906049308.800537 12959.380081 309900000 
7 1433571439489.448242 9637.395477 309900000 
8 2875968029006.649414 6831.725333 309900000 
9 4502219352842.838867 5476.489680 309900000 
1 5206935160.908712 13.540705 310900000 
2 67425288126.774742 50342.975835 310900000 
3 133752861878.308807 29906.487302 310900000 
4 160552008583.011993 27108.302665 310900000 
5 242109604844.994568 23289.218887 310900000 
6 780950110391.983887 12959.574477 310900000 
7 1433599969202.697510 9637.044716 310900000 
8 2876004835294.674805 6831.653656 310900000 
9 4502247035627.852539 5476.462893 310900000 
1 5215822231.273217 13.353745 311900000 
2 82601486399.511139 40491.279141 311900000 
3 134340159103.379974 29614.042984 311900000 
4 161444193760.901215 26887.984945 311900000 
5 242566683852.888489 23229.882503 311900000 
6 780993734521.409668 12959.793559 311900000 
7 1433628314490.800537 9636.694004 311900000 
8 2876041758053.131836 6831.581674 311900000 
9 4502274813792.143555 5476.435996 311900000 
1 5224596615.049309 13.170538 312900000 
2 92635213308.780746 34239.970695 312900000 
3 133496500312.887604 29642.436916 312900000 
4 162009132862.319794 26751.022320 312900000 
5 242888834930.422058 23179.448873 312900000 
6 781036917132.437866 12960.037274 312900000 
7 1433656472872.924561 9636.343360 312900000 
8 2876078796980.676758 6831.509386 312900000 
9 4502302687277.309570 5476.408990 312900000 
1 5233260285.202900 12.989883 313900000 
2 96966886855.558090 31118.808549 313900000 
3 131243395535.110550 29991.405017 313900000 
4 162233070384.166046 26699.175555 313900000 
5 243073441223.199585 23138.312639 313900000 
6 781079653697.664062 12960.305564 313900000 
7 1433684441891.261475 9635.992800 313900000 
8 2876115951773.792480 6831.436792 313900000 
9 4502330656024.279297 5476.381873 313900000 
1 5241814465.357209 12.811206 314900000 
2 95583320810.953873 30816.703051 314900000 
3 127646325559.432785 30655.737194 314900000 
4 162111584731.530182 26733.046825 314900000 
5 243118965470.362122 23106.789277 314900000 
6 781121939730.523071 12960.598364 314900000 
7 1433712219111.695068 9635.642341 314900000 
8 2876153222126.724609 6831.363892 314900000 
9 4502358719973.297852 5476.354647 314900000 
1 5250259735.981613 12.634207 315900000 
2 88483908222.767090 33308.211941 315900000 
