149600000000 17680 1
149600000000 17680 2
149600000000 17680 3
149600000000 17680 4
149600000000 17680 5
149600000000 17680 6
149600000000 17680 7
149600000000 17680 8
149600000000 17680 9
149600000000 17680 10
149600000000 17680 11
149600000000 17680 12
149600000000 17680 13
149600000000 17680 14
149600000000 17680 15
149599999999 17680 16
149599999999 17680 17
149599999999 17680 18
149599999999 17680 19
149599999999 17680 20
149599999999 17680 21
149599999999 17680 22
149599999999 17680 23
149599999999 17680 24
149599999999 17680 25
149599999999 17680 26
149599999999 17680 27
149599999998 17680 28
149599999998 17680 29
149599999998 17680 30
149599999998 17680 31
149599999998 17680 32
149599999998 17680 33
149599999998 17680 34
149599999998 17680 35
149599999997 17680 36
149599999997 17680 37
149599999997 17680 38
149599999997 17680 39
149599999997 17680 40
149599999997 17680 41
149599999996 17680 42
149599999996 17680 43
149599999996 17680 44
149599999996 17680 45
149599999996 17680 46
149599999996 17680 47
149599999995 17680 48
149599999995 17680 49
149599999995 17680 50
149599999995 17680 51
149599999995 17680 52
149599999994 17680 53
149599999994 17680 54
149599999994 17680 55
149599999994 17680 56
149599999994 17680 57
149599999993 17680 58
149599999993 17680 59
149599999993 17680 60
149599999993 17680 61
149599999992 17680 62
149599999992 17680 63
149599999992 17680 64
149599999992 17680 65
149599999991 17680 66
149599999991 17680 67
149599999991 17680 68
149599999991 17680 69
149599999990 17680 70
149599999990 17680 71
149599999990 17680 72
149599999990 17680 73
149599999989 17680 74
149599999989 17680 75
149599999989 17680 76
149599999988 17680 77
149599999988 17680 78
149599999988 17680 79
149599999987 17680 80
149599999987 17680 81
149599999987 17680 82
149599999987 17680 83
149599999986 17680 84
149599999986 17680 85
149599999986 17680 86
149599999985 17680 87
149599999985 17680 88
149599999985 17680 89
149599999984 17680 90
149599999984 17680 91
149599999983 17680 92
149599999983 17680 93
149599999983 17680 94
149599999982 17680 95
149599999982 17680 96
149599999982 17680 97
149599999981 17680 98
149599999981 17680 99
149599999980 17680 100
149599999980 17680 101
149599999980 17680 102
149599999979 17680 103
149599999979 17680 104
149599999979 17680 105
149599999978 17680 106
149599999978 17680 107
149599999977 17680 108
149599999977 17680 109
149599999976 17680 110
149599999976 17680 111
149599999976 17680 112
149599999975 17680 113
149599999975 17680 114
149599999974 17680 115
149599999974 17680 116
149599999973 17680 117
149599999973 17680 118
149599999972 17680 119
149599999972 17680 120
149599999972 17680 121
149599999971 17680 122
149599999971 17680 123
149599999970 17680 124
149599999970 17680 125
149599999969 17680 126
149599999969 17680 127
149599999968 17680 128
149599999968 17680 129
149599999967 17680 130
149599999967 17680 131
149599999966 17680 132
149599999966 17680 133
149599999965 17680 134
149599999965 17680 135
149599999964 17680 136
149599999964 17680 137
149599999963 17680 138
149599999962 17680 139
149599999962 17680 140
149599999961 17680 141
149599999961 17680 142
149599999960 17680 143
149599999960 17680 144
149599999959 17680 145
149599999959 17680 146
149599999958 17680 147
149599999957 17680 148
149599999957 17680 149
149599999956 17680 150
149599999956 17680 151
149599999955 17680 152
149599999955 17680 153
149599999954 17680 154
149599999953 17680 155
149599999953 17680 156
149599999952 17680 157
149599999952 17680 158
149599999951 17680 159
149599999950 17680 160
149599999950 17680 161
149599999949 17680 162
149599999948 17680 163
149599999948 17680 164
149599999947 17680 165
149599999947 17680 166
149599999946 17680 167
149599999945 17680 168
149599999945 17680 169
149599999944 17680 170
149599999943 17680 171
149599999943 17680 172
149599999942 17680 173
149599999941 17680 174
149599999941 17680 175
149599999940 17680 176
149599999939 17680 177
149599999939 17680 178
149599999938 17680 179
149599999937 17680 180
149599999937 17680 181
149599999936 17680 182
149599999935 17680 183
149599999934 17680 184
149599999934 17680 185
149599999933 17680 186
149599999932 17680 187
149599999932 17680 188
149599999931 17680 189
149599999930 17680 190
149599999929 17680 191
149599999929 17680 192
149599999928 17680 193
149599999927 17680 194
149599999926 17680 195
149599999926 17680 196
149599999925 17680 197
149599999924 17680 198
149599999923 17680 199
149599999923 17680 200
149599999922 17680 201
149599999921 17680 202
149599999920 17680 203
149599999919 17680 204
149599999919 17680 205
149599999918 17680 206
149599999917 17680 207
149599999916 17680 208
149599999915 17680 209
149599999915 17680 210
149599999914 17680 211
149599999913 17680 212
149599999912 17680 213
149599999911 17680 214
149599999911 17680 215
149599999910 17680 216
149599999909 17680 217
149599999908 17680 218
149599999907 17680 219
149599999906 17680 220
149599999906 17680 221
149599999905 17680 222
149599999904 17680 223
149599999903 17680 224
149599999902 17680 225
149599999901 17680 226
149599999900 17680 227
149599999899 17680 228
149599999899 17680 229
149599999898 17680 230
149599999897 17680 231
149599999896 17680 232
149599999895 17680 233
149599999894 17680 234
149599999893 17680 235
149599999892 17680 236
149599999891 17680 237
149599999890 17680 238
149599999890 17680 239
149599999889 17680 240
149599999888 17680 241
149599999887 17680 242
149599999886 17680 243
149599999885 17680 244
149599999884 17680 245
149599999883 17680 246
149599999882 17680 247
149599999881 17680 248
149599999880 17680 249
149599999879 17680 250
149599999878 17680 251
149599999877 17680 252
149599999876 17680 253
149599999875 17680 254
149599999874 17680 255
149599999873 17680 256
149599999872 17680 257
149599999871 17680 258
149599999870 17680 259
149599999869 17680 260
149599999868 17680 261
149599999867 17680 262
149599999866 17680 263
149599999865 17680 264
149599999864 17680 265
149599999863 17680 266
149599999862 17680 267
149599999861 17680 268
149599999860 17680 269
149599999859 17680 270
149599999858 17680 271
149599999857 17680 272
149599999856 17680 273
149599999855 17680 274
149599999854 17680 275
149599999853 17680 276
149599999852 17680 277
149599999851 17680 278
149599999850 17680 279
149599999849 17680 280
149599999847 17680 281
149599999846 17680 282
149599999845 17680 283
149599999844 17680 284
149599999843 17680 285
149599999842 17680 286
149599999841 17680 287
149599999840 17680 288
149599999839 17680 289
149599999838 17680 290
149599999836 17680 291
149599999835 17680 292
149599999834 17680 293
149599999833 17680 294
149599999832 17680 295
149599999831 17680 296
149599999830 17680 297
149599999829 17680 298
149599999827 17680 299
149599999826 17680 300
149599999825 17680 301
149599999824 17680 302
149599999823 17680 303
149599999822 17680 304
149599999820 17680 305
149599999819 17680 306
149599999818 17680 307
149599999817 17680 308
149599999816 17680 309
149599999814 17680 310
149599999813 17680 311
149599999812 17680 312
149599999811 17680 313
149599999810 17680 314
149599999808 17680 315
149599999807 17680 316
149599999806 17680 317
149599999805 17680 318
149599999804 17680 319
149599999802 17680 320
149599999801 17680 321
149599999800 17680 322
149599999799 17680 323
149599999797 17680 324
149599999796 17680 325
149599999795 17680 326
149599999794 17680 327
149599999792 17680 328
149599999791 17680 329
149599999790 17680 330
149599999789 17680 331
149599999787 17680 332
149599999786 17680 333
149599999785 17680 334
149599999783 17680 335
149599999782 17680 336
149599999781 17680 337
149599999780 17680 338
149599999778 17680 339
149599999777 17680 340
149599999776 17680 341
149599999762 17680 351
149599999748 17680 361
149599999734 17680 371
149599999719 17680 381
149599999704 17680 391
149599999688 17680 401
149599999672 17680 411
149599999656 17680 421
149599999639 17680 431
149599999622 17680 441
149599999605 17680 451
149599999587 17680 461
149599999569 17680 471
149599999550 17680 481
149599999531 17680 491
149599999512 17680 501
149599999492 17680 511
149599999472 17680 521
149599999452 17680 531
149599999431 17680 541
149599999410 17680 551
149599999388 17680 561
149599999366 17680 571
149599999343 17680 581
149599999321 17680 591
149599999297 17680 601
149599999274 17680 611
149599999250 17680 621
149599999226 17680 631
149599999201 17680 641
149599999176 17680 651
149599999150 17680 661
149599999124 17680 671
149599999098 17680 681
149599999071 17680 691
149599999044 17680 701
149599999017 17680 711
149599998989 17680 721
149599998961 17680 731
149599998932 17680 741
149599998903 17680 751
149599998874 17680 761
149599998844 17680 771
149599998814 17680 781
149599998784 17680 791
149599998753 17680 801
149599998722 17680 811
149599998690 17680 821
149599998658 17680 831
149599998626 17680 841
149599998593 17680 851
149599998217 17680 951
149599997803 17680 1051
149599997350 17680 1151
149599996859 17680 1251
149599996330 17680 1351
149599995762 17680 1451
149599995155 17680 1551
149599994511 17680 1651
149599993827 17680 1751
149599993106 17680 1851
149599992346 17680 1951
149599991548 17680 2051
149599990711 17680 2151
149599989835 17680 2251
149599988922 17680 2351
149599987970 17680 2451
149599986979 17680 2551
149599985950 17680 2651
149599984883 17680 2751
149599983777 17680 2851
149599982633 17680 2951
149599981451 17680 3051
149599980230 17680 3151
149599978970 17680 3251
149599977672 17680 3351
149599976336 17680 3451
149599974961 17680 3551
149599973548 17680 3651
149599972097 17680 3751
149599970607 17680 3851
149599969078 17680 3951
149599967512 17680 4051
149599965907 17680 4151
149599964263 17680 4251
149599962581 17680 4351
149599960860 17680 4451
149599959102 17680 4551
149599957304 17680 4651
149599955469 17680 4751
149599953595 17680 4851
149599951682 17680 4951
149599949731 17680 5051
149599947742 17680 5151
149599945714 17680 5251
149599943648 17680 5351
149599941543 17680 5451
149599939400 17680 5551
149599937219 17680 5651
149599934999 17680 5751
149599932741 17680 5851
149599930444 17680 5951
149599928109 17680 6051
149599899975 17680 7051
149599868000 17680 8051
149599832183 17680 9051
149599792525 17680 10051
149599749024 17680 11051
149599701682 17680 12051
149599650498 17680 13051
149599595472 17680 14051
149599536604 17680 15051
149599473894 17680 16051
149599407343 17680 17051
149599336950 17680 18051
149599262714 17680 19051
149599184637 17680 20051
149599102719 17680 21051
149599016958 17680 22051
149598927356 17680 23051
149598833911 17680 24051
149598736625 17680 25051
149598635497 17680 26051
149598530527 17680 27051
149598421716 17681 28051
149598309062 17681 29051
149598192567 17681 30051
149598072229 17681 31051
149597948050 17681 32051
149597820029 17681 33051
149597688166 17681 34051
149597552461 17681 35051
149597412915 17681 36051
149597269526 17681 37051
149597122296 17681 38051
149596971223 17681 39051
149596816309 17681 40051
149596657553 17681 41051
149596494954 17681 42051
149596328514 17681 43051
149596158232 17681 44051
149595984108 17681 45051
149595806142 17681 46051
149595624334 17681 47051
149595438684 17682 48051
149595249192 17682 49051
149595055858 17682 50051
149594858683 17682 51051
149594657665 17682 52051
149594452805 17682 53051
149594244103 17682 54051
149594031559 17682 55051
149593815173 17682 56051
149591173075 17683 66051
149588146764 17684 76051
149584736229 17685 86051
149580941457 17686 96051
149576762433 17687 106051
149572199142 17689 116051
149567251567 17691 126051
149561919690 17692 136051
149556203490 17694 146051
149550102947 17696 156051
149543618037 17698 166051
149536748735 17700 176051
149529495018 17703 186051
149521856856 17705 196051
149513834222 17708 206051
149505427085 17711 216051
149496635415 17714 226051
149487459178 17717 236051
149477898340 17720 246051
149467952864 17723 256051
149457622715 17726 266051
149446907852 17730 276051
149435808237 17734 286051
149424323827 17737 296051
149412454579 17741 306051
149400200449 17745 316051
149387561391 17749 326051
149374537357 17754 336051
149361128299 17758 346051
149347334167 17763 356051
149333154908 17767 366051
149318590469 17772 376051
149303640797 17777 386051
149288305834 17782 396051
149272585523 17787 406051
149256479805 17793 416051
149239988620 17798 426051
149223111906 17804 436051
149205849599 17810 446051
149188201634 17815 456051
149170167945 17821 466051
149151748465 17827 476051
149132943124 17834 486051
149113751851 17840 496051
149094174574 17847 506051
149074211220 17853 516051
149053861713 17860 526051
149033125977 17867 536051
149012003933 17874 546051
148990495503 17881 556051
148968600604 17888 566051
148946319155 17896 576051
148923651072 17903 586051
148900596268 17911 596051
148877154658 17918 606051
148853326153 17926 616051
148829110662 17934 626051
148804508094 17943 636051
148779518357 17951 646051
148754141356 17959 656051
148728376995 17968 666051
148702225176 17976 676051
148675685802 17985 686051
148648758771 17994 696051
148621443982 18003 706051
148593741330 18012 716051
148565650712 18022 726051
148537172021 18031 736051
148508305149 18041 746051
148479049987 18050 756051
148449406423 18060 766051
148419374345 18070 776051
148388953640 18080 786051
148358144192 18090 796051
148326945883 18101 806051
148295358596 18111 816051
148263382209 18122 826051
148231016603 18133 836051
148198261653 18143 846051
148165117235 18154 856051
148131583223 18165 866051
148097659488 18177 876051
148063345903 18188 886051
148028642336 18200 896051
147993548654 18211 906051
147958064724 18223 916051
147922190411 18235 926051
147885925577 18247 936051
147849270084 18259 946051
147812223792 18271 956051
147774786560 18283 966051
147736958243 18296 976051
147698738697 18309 986051
147660127777 18321 996051
147621125333 18334 1006051
147581731217 18347 1016051
147541945277 18360 1026051
147501767362 18374 1036051
147461197316 18387 1046051
147420234984 18401 1056051
147378880208 18414 1066051
147337132830 18428 1076051
147294992689 18442 1086051
147252459623 18456 1096051
147209533468 18470 1106051
147166214058 18485 1116051
147122501227 18499 1126051
147078394807 18513 1136051
147033894626 18528 1146051
146989000514 18543 1156051
146943712296 18558 1166051
146898029799 18573 1176051
146851952844 18588 1186051
146805481254 18603 1196051
146758614849 18619 1206051
146711353448 18634 1216051
146663696867 18650 1226051
146615644921 18666 1236051
146567197424 18682 1246051
146518354187 18698 1256051
146469115022 18714 1266051
146419479736 18731 1276051
146369448137 18747 1286051
146319020029 18764 1296051
146268195217 18780 1306051
146216973502 18797 1316051
146165354685 18814 1326051
146113338563 18831 1336051
146060924934 18849 1346051
146008113594 18866 1356051
145954904335 18883 1366051
145901296949 18901 1376051
145847291227 18919 1386051
145792886957 18937 1396051
145738083926 18955 1406051
145682881918 18973 1416051
145627280718 18991 1426051
145571280105 19009 1436051
145514879861 19028 1446051
145458079764 19047 1456051
145400879589 19065 1466051
145343279112 19084 1476051
145285278106 19103 1486051
145226876341 19122 1496051
145168073587 19142 1506051
145108869611 19161 1516051
145049264180 19181 1526051
144989257058 19200 1536051
144928848008 19220 1546051
144868036789 19240 1556051
144806823160 19260 1566051
144745206879 19280 1576051
144683187701 19300 1586051
144620765380 19321 1596051
144557939667 19341 1606051
144494710311 19362 1616051
144431077062 19383 1626051
144367039665 19404 1636051
144302597866 19425 1646051
144237751405 19446 1656051
144172500025 19468 1666051
144106843464 19489 1676051
144040781460 19511 1686051
143974313748 19532 1696051
143907440061 19554 1706051
143840160130 19576 1716051
143772473687 19598 1726051
143704380458 19620 1736051
143635880170 19643 1746051
143566972547 19665 1756051
143497657311 19688 1766051
143427934182 19711 1776051
143357802880 19734 1786051
143287263120 19757 1796051
143216314618 19780 1806051
143144957086 19803 1816051
143073190236 19826 1826051
143001013776 19850 1836051
142928427413 19874 1846051
142855430853 19897 1856051
142782023799 19921 1866051
142708205952 19945 1876051
142633977011 19969 1886051
142559336675 19994 1896051
142484284637 20018 1906051
142408820593 20043 1916051
142332944233 20067 1926051
142256655247 20092 1936051
142179953322 20117 1946051
142102838144 20142 1956051
142025309397 20168 1966051
141947366763 20193 1976051
141869009920 20218 1986051
141790238546 20244 1996051
141711052317 20270 2006051
141631450907 20296 2016051
141551433987 20322 2026051
141471001226 20348 2036051
141390152292 20374 2046051
141308886850 20400 2056051
141227204564 20427 2066051
141145105094 20454 2076051
141062588100 20480 2086051
140979653239 20507 2096051
140896300167 20534 2106051
140812528535 20562 2116051
140728337994 20589 2126051
140643728194 20616 2136051
140558698781 20644 2146051
140473249400 20672 2156051
140387379692 20700 2166051
140301089298 20728 2176051
140214377857 20756 2186051
140127245003 20784 2196051
140039690371 20812 2206051
139951713593 20841 2216051
139863314297 20870 2226051
139774492111 20898 2236051
139685246660 20927 2246051
139595577567 20956 2256051
139505484453 20985 2266051
139414966936 21015 2276051
139324024632 21044 2286051
139232657155 21074 2296051
139140864117 21104 2306051
139048645128 21133 2316051
138955999794 21163 2326051
138862927722 21194 2336051
138769428513 21224 2346051
138675501768 21254 2356051
138581147086 21285 2366051
138486364062 21316 2376051
138391152290 21346 2386051
138295511360 21377 2396051
138199440864 21408 2406051
138102940385 21440 2416051
138006009511 21471 2426051
137908647821 21503 2436051
137810854896 21534 2446051
137712630313 21566 2456051
137613973648 21598 2466051
137514884472 21630 2476051
137415362356 21662 2486051
137315406867 21695 2496051
137215017572 21727 2506051
137114194032 21760 2516051
137012935809 21792 2526051
136911242461 21825 2536051
136809113543 21858 2546051
136706548608 21892 2556051
136603547208 21925 2566051
136500108891 21958 2576051
136396233202 21992 2586051
136291919685 22026 2596051
136187167881 22060 2606051
136081977328 22094 2616051
135976347562 22128 2626051
135870278116 22162 2636051
135763768522 22197 2646051
135656818307 22231 2656051
135549426997 22266 2666051
135441594115 22301 2676051
135333319183 22336 2686051
135224601717 22371 2696051
135115441233 22406 2706051
135005837245 22442 2716051
134895789262 22477 2726051
134785296792 22513 2736051
134674359340 22549 2746051
134562976409 22585 2756051
134451147497 22621 2766051
134338872102 22658 2776051
134226149718 22694 2786051
134112979838 22731 2796051
133999361949 22768 2806051
133885295539 22804 2816051
133770780090 22842 2826051
133655815084 22879 2836051
133540399998 22916 2846051
133424534309 22954 2856051
133308217488 22991 2866051
133191449005 23029 2876051
133074228329 23067 2886051
132956554922 23105 2896051
132838428246 23144 2906051
132719847760 23182 2916051
132600812920 23221 2926051
132481323178 23259 2936051
132361377986 23298 2946051
132240976790 23337 2956051
132120119034 23377 2966051
131998804161 23416 2976051
131877031608 23455 2986051
131754800813 23495 2996051
131632111207 23535 3006051
131508962220 23575 3016051
131385353280 23615 3026051
131261283810 23655 3036051
131136753232 23696 3046051
131011760964 23736 3056051
130886306421 23777 3066051
130760389015 23818 3076051
130634008155 23859 3086051
130507163248 23900 3096051
130379853696 23942 3106051
130252078899 23983 3116051
130123838256 24025 3126051
129995131158 24067 3136051
129865956999 24109 3146051
129736315164 24151 3156051
129606205039 24194 3166051
129475626006 24236 3176051
129344577443 24279 3186051
129213058724 24322 3196051
129081069224 24365 3206051
128948608309 24408 3216051
128815675347 24451 3226051
128682269699 24495 3236051
128548390726 24539 3246051
128414037783 24582 3256051
128279210223 24626 3266051
128143907396 24671 3276051
128008128650 24715 3286051
127871873326 24760 3296051
127735140764 24804 3306051
127597930303 24849 3316051
127460241274 24894 3326051
127322073008 24939 3336051
127183424832 24985 3346051
127044296069 25030 3356051
126904686039 25076 3366051
126764594059 25122 3376051
126624019442 25168 3386051
126482961498 25214 3396051
126341419533 25261 3406051
126199392851 25308 3416051
126056880751 25354 3426051
125913882529 25401 3436051
125770397479 25449 3446051
125626424889 25496 3456051
125481964045 25543 3466051
125337014230 25591 3476051
125191574722 25639 3486051
125045644797 25687 3496051
124899223726 25735 3506051
124752310778 25784 3516051
124604905217 25832 3526051
124457006304 25881 3536051
124308613297 25930 3546051
124159725449 25979 3556051
124010342012 26029 3566051
123860462231 26078 3576051
123710085350 26128 3586051
123559210608 26178 3596051
123407837240 26228 3606051
123255964479 26279 3616051
123103591553 26329 3626051
122950717687 26380 3636051
122797342102 26431 3646051
122643464014 26482 3656051
122489082638 26533 3666051
122334197182 26585 3676051
122178806854 26636 3686051
122022910855 26688 3696051
121866508383 26740 3706051
121709598634 26793 3716051
121552180797 26845 3726051
121394254061 26898 3736051
121235817607 26951 3746051
121076870616 27004 3756051
120917412262 27057 3766051
120757441718 27111 3776051
120596958151 27165 3786051
120435960724 27219 3796051
120274448598 27273 3806051
120112420928 27327 3816051
119949876868 27382 3826051
119786815563 27437 3836051
119623236160 27492 3846051
119459137797 27547 3856051
119294519612 27602 3866051
119129380736 27658 3876051
118963720298 27714 3886051
118797537421 27770 3896051
118630831227 27826 3906051
118463600831 27883 3916051
118295845345 27939 3926051
118127563878 27996 3936051
117958755533 28054 3946051
117789419411 28111 3956051
117619554608 28169 3966051
117449160215 28227 3976051
117278235321 28285 3986051
117106779009 28343 3996051
116934790358 28402 4006051
116762268444 28461 4016051
116589212338 28520 4026051
116415621109 28579 4036051
116241493818 28638 4046051
116066829525 28698 4056051
115891627284 28758 4066051
115715886147 28818 4076051
115539605160 28879 4086051
115362783365 28940 4096051
115185419801 29001 4106051
115007513501 29062 4116051
114829063496 29123 4126051
114650068811 29185 4136051
114470528468 29247 4146051
114290441484 29309 4156051
114109806873 29372 4166051
113928623643 29434 4176051
113746890799 29497 4186051
113564607341 29561 4196051
113381772267 29624 4206051
113198384569 29688 4216051
113014443234 29752 4226051
112829947247 29816 4236051
112644895586 29881 4246051
112459287229 29945 4256051
112273121146 30011 4266051
112086396304 30076 4276051
111899111666 30142 4286051
111711266191 30207 4296051
111522858835 30274 4306051
111333888546 30340 4316051
111144354273 30407 4326051
110954254957 30474 4336051
110763589536 30541 4346051
110572356944 30609 4356051
110380556111 30677 4366051
110188185964 30745 4376051
109995245423 30813 4386051
109801733407 30882 4396051
109607648829 30951 4406051
109412990599 31020 4416051
109217757621 31090 4426051
109021948799 31160 4436051
108825563029 31230 4446051
108628599205 31300 4456051
108431056217 31371 4466051
108232932950 31442 4476051
108034228287 31514 4486051
107834941104 31585 4496051
107635070277 31658 4506051
107434614675 31730 4516051
107233573165 31803 4526051
107031944610 31876 4536051
106829727869 31949 4546051
106626921796 32022 4556051
106423525244 32096 4566051
106219537061 32171 4576051
106014956090 32245 4586051
105809781172 32320 4596051
105604011146 32396 4606051
105397644844 32471 4616051
105190681097 32547 4626051
104983118732 32624 4636051
104774956573 32700 4646051
104566193439 32777 4656051
104356828149 32855 4666051
104146859516 32932 4676051
103936286351 33010 4686051
103725107461 33089 4696051
103513321652 33167 4706051
103300927725 33247 4716051
103087924480 33326 4726051
102874310712 33406 4736051
102660085215 33486 4746051
102445246779 33567 4756051
102229794193 33648 4766051
102013726243 33729 4776051
101797041712 33811 4786051
101579739381 33893 4796051
101361818028 33975 4806051
101143276430 34058 4816051
100924113363 34142 4826051
100704327597 34225 4836051
100483917905 34309 4846051
100262883055 34394 4856051
100041221814 34479 4866051
99818932949 34564 4876051
99596015224 34650 4886051
99372467402 34736 4896051
99148288245 34822 4906051
98923476514 34909 4916051
98698030971 34997 4926051
98471950373 35084 4936051
98245233480 35173 4946051
98017879051 35261 4956051
97789885844 35350 4966051
97561252616 35440 4976051
97331978127 35530 4986051
97102061133 35620 4996051
96871500395 35711 5006051
96640294671 35802 5016051
96408442722 35894 5026051
96175943308 35987 5036051
95942795193 36079 5046051
95708997140 36172 5056051
95474547913 36266 5066051
95239446281 36360 5076051
95003691013 36455 5086051
94767280879 36550 5096051
94530214655 36646 5106051
94292491117 36742 5116051
94054109046 36838 5126051
93815067224 36935 5136051
93575364439 37033 5146051
93334999481 37131 5156051
93093971146 37230 5166051
92852278234 37329 5176051
92609919550 37429 5186051
92366893902 37529 5196051
92123200107 37630 5206051
91878836986 37731 5216051
91633803366 37833 5226051
91388098081 37935 5236051
91141719974 38038 5246051
90894667892 38142 5256051
90646940692 38246 5266051
90398537240 38350 5276051
90149456408 38456 5286051
89899697079 38561 5296051
89649258146 38668 5306051
89398138512 38775 5316051
89146337089 38882 5326051
88893852803 38990 5336051
88640684589 39099 5346051
88386831397 39209 5356051
88132292187 39319 5366051
87877065934 39429 5376051
87621151627 39541 5386051
87364548270 39652 5396051
87107254881 39765 5406051
86849270496 39878 5416051
86590594167 39992 5426051
86331224962 40106 5436051
86071161969 40222 5446051
85810404293 40337 5456051
85548951063 40454 5466051
85286801422 40571 5476051
85023954541 40689 5486051
84760409609 40808 5496051
84496165840 40927 5506051
84231222471 41047 5516051
83965578765 41168 5526051
83699234011 41289 5536051
83432187525 41411 5546051
83164438652 41534 5556051
82895986764 41658 5566051
82626831265 41783 5576051
82356971591 41908 5586051
82086407209 42034 5596051
81815137623 42161 5606051
81543162370 42288 5616051
81270481024 42417 5626051
80997093197 42546 5636051
80722998541 42676 5646051
80448196749 42807 5656051
80172687556 42938 5666051
79896470740 43071 5676051
79619546128 43204 5686051
79341913592 43338 5696051
79063573052 43473 5706051
78784524481 43609 5716051
78504767904 43746 5726051
78224303400 43884 5736051
77943131107 44022 5746051
77661251218 44162 5756051
77378663991 44302 5766051
77095369744 44444 5776051
76811368860 44586 5786051
76526661793 44729 5796051
76241249064 44873 5806051
75955131268 45018 5816051
75668309075 45165 5826051
75380783232 45312 5836051
75092554568 45460 5846051
74803623994 45609 5856051
74513992510 45759 5866051
74223661204 45911 5876051
73932631256 46063 5886051
73640903944 46216 5896051
73348480644 46371 5906051
73055362837 46526 5916051
72761552108 46683 5926051
72467050155 46841 5936051
72171858790 46999 5946051
71875979941 47159 5956051
71579415663 47321 5966051
71282168135 47483 5976051
70984239668 47646 5986051
70685632710 47811 5996051
70386349851 47977 6006051
70086393823 48144 6016051
69785767515 48312 6026051
69484473969 48482 6036051
69182516389 48652 6046051
68879898149 48824 6056051
68576622796 48998 6066051
68272694056 49172 6076051
67968115845 49348 6086051
67662892267 49525 6096051
67357027631 49704 6106051
67050526451 49884 6116051
66743393454 50065 6126051
66435633592 50248 6136051
66127252046 50432 6146051
65818254236 50617 6156051
65508645826 50804 6166051
65198432741 50993 6176051
64887621166 51182 6186051
64576217562 51374 6196051
64264228675 51566 6206051
63951661545 51761 6216051
63638523516 51956 6226051
63324822249 52154 6236051
63010565732 52353 6246051
62695762291 52553 6256051
62380420604 52755 6266051
62064549714 52959 6276051
61748159038 53164 6286051
61431258386 53371 6296051
61113857973 53580 6306051
60795968431 53790 6316051
60477600827 54002 6326051
60158766679 54216 6336051
59839477971 54431 6346051
59519747169 54648 6356051
59199587242 54867 6366051
58879011676 55088 6376051
58558034494 55311 6386051
58236670276 55535 6396051
57914934182 55761 6406051
57592841966 55989 6416051
57270410003 56219 6426051
56947655311 56451 6436051
56624595573 56684 6446051
56301249159 56920 6456051
55977635154 57158 6466051
55653773385 57397 6476051
55329684443 57638 6486051
55005389713 57882 6496051
54680911403 58127 6506051
54356272573 58374 6516051
54031497166 58624 6526051
53706610037 58875 6536051
53381636990 59129 6546051
53056604808 59384 6556051
52731541288 59642 6566051
52406475280 59901 6576051
52081436720 60163 6586051
51756456671 60427 6596051
51431567361 60693 6606051
51106802225 60961 6616051
50782195944 61231 6626051
50457784491 61503 6636051
50133605173 61777 6646051
49809696679 62054 6656051
49486099124 62332 6666051
49162854098 62613 6676051
48840004716 62896 6686051
48517595665 63181 6696051
48195673261 63468 6706051
47874285496 63756 6716051
47553482097 64048 6726051
47233314574 64341 6736051
46913836283 64636 6746051
46595102478 64933 6756051
46277170371 65232 6766051
45960099186 65533 6776051
45643950225 65836 6786051
45328786920 66141 6796051
45014674898 66447 6806051
44701682036 66756 6816051
44389878528 67066 6826051
44079336935 67378 6836051
43770132254 67691 6846051
43462341970 68006 6856051
43156046115 68323 6866051
42851327325 68641 6876051
42548270895 68960 6886051
42246964830 69281 6896051
41947499895 69603 6906051
41649969667 69925 6916051
41354470569 70249 6926051
41061101920 70574 6936051
40769965965 70899 6946051
40481167907 71225 6956051
40194815932 71551 6966051
39911021224 71878 6976051
39629897982 72205 6986051
39351563418 72531 6996051
39076137755 72858 7006051
38803744210 73184 7016051
38534508969 73510 7026051
38268561152 73834 7036051
38006032760 74158 7046051
37747058618 74481 7056051
37491776293 74802 7066051
37240326007 75121 7076051
36992850530 75438 7086051
36749495048 75753 7096051
36510407029 76065 7106051
36275736058 76375 7116051
36045633656 76681 7126051
35820253076 76984 7136051
35599749088 77283 7146051
35384277728 77578 7156051
35173996035 77869 7166051
34969061765 78154 7176051
34769633077 78435 7186051
34575868208 78710 7196051
34387925110 78978 7206051
34205961085 79241 7216051
34030132385 79497 7226051
33860593797 79745 7236051
33697498217 79986 7246051
33540996199 80220 7256051
33391235493 80445 7266051
33248360575 80661 7276051
33112512164 80868 7286051
32983826730 81066 7296051
32862436011 81254 7306051
32748466513 81432 7316051
32642039031 81599 7326051
32543268163 81756 7336051
32452261847 81901 7346051
32369120906 82035 7356051
32293938615 82157 7366051
32226800297 82268 7376051
32167782933 82366 7386051
32116954818 82451 7396051
32074375241 82524 7406051
32040094210 82584 7416051
32014152212 82631 7426051
31996580021 82665 7436051
31987398548 82686 7446051
31986618740 82694 7456051
31994241529 82689 7466051
32010257823 82670 7476051
32034648554 82639 7486051
32067384768 82594 7496051
32108427767 82536 7506051
32157729295 82466 7516051
32215231763 82382 7526051
32280868527 82287 7536051
32354564191 82179 7546051
32436234953 82059 7556051
32525788983 81927 7566051
32623126827 81784 7576051
32728141833 81629 7586051
32840720605 81464 7596051
32960743462 81288 7606051
33088084921 81102 7616051
33222614180 80906 7626051
33364195606 80700 7636051
33512689234 80486 7646051
33667951249 80262 7656051
33829834471 80030 7666051
33998188831 79791 7676051
34172861836 79543 7686051
34353699015 79289 7696051
34540544355 79028 7706051
34733240721 78760 7716051
34931630250 78486 7726051
35135554733 78207 7736051
35344855969 77922 7746051
35559376105 77633 7756051
35778957944 77338 7766051
36003445245 77040 7776051
36232682984 76738 7786051
36466517608 76432 7796051
36704797259 76123 7806051
36947371979 75811 7816051
37194093894 75497 7826051
37444817383 75180 7836051
37699399218 74861 7846051
37957698696 74540 7856051
38219577749 74218 7866051
38484901037 73895 7876051
38753536030 73570 7886051
39025353069 73245 7896051
39300225421 72919 7906051
39578029315 72592 7916051
39858643972 72265 7926051
40141951619 71939 7936051
40427837500 71612 7946051
40716189870 71285 7956051
41006899988 70959 7966051
41299862100 70634 7976051
41594973413 70309 7986051
41892134070 69985 7996051
42191247110 69662 8006051
42492218434 69340 8016051
42794956757 69020 8026051
43099373566 68700 8036051
43405383068 68382 8046051
43712902135 68065 8056051
44021850258 67750 8066051
44332149483 67436 8076051
44643724356 67124 8086051
44956501867 66813 8096051
45270411389 66504 8106051
45585384619 66197 8116051
45901355517 65892 8126051
46218260247 65589 8136051
46536037118 65288 8146051
46854626524 64988 8156051
47173970883 64691 8166051
47494014584 64395 8176051
47814703922 64102 8186051
48135987049 63810 8196051
48457813910 63521 8206051
48780136197 63234 8216051
49102907286 62948 8226051
49426082192 62665 8236051
49749617511 62384 8246051
50073471374 62105 8256051
50397603397 61829 8266051
50721974630 61554 8276051
51046547512 61281 8286051
51371285826 61011 8296051
51696154655 60742 8306051
52021120335 60476 8316051
52346150418 60212 8326051
52671213627 59950 8336051
52996279821 59690 8346051
53321319951 59432 8356051
53646306026 59176 8366051
53971211079 58922 8376051
54296009126 58670 8386051
54620675139 58421 8396051
54945185007 58173 8406051
55269515510 57927 8416051
55593644283 57683 8426051
55917549791 57442 8436051
56241211297 57202 8446051
56564608836 56964 8456051
56887723186 56728 8466051
57210535846 56494 8476051
57533029008 56262 8486051
57855185531 56032 8496051
58176988925 55803 8506051
58498423320 55577 8516051
58819473449 55352 8526051
59140124625 55129 8536051
59460362723 54908 8546051
59780174158 54689 8556051
60099545868 54471 8566051
60418465295 54256 8576051
60736920366 54042 8586051
61054899478 53829 8596051
61372391482 53619 8606051
61689385666 53410 8616051
62005871738 53203 8626051
62321839815 52997 8636051
62637280408 52793 8646051
62952184405 52591 8656051
63266543062 52390 8666051
63580347988 52191 8676051
63893591133 51993 8686051
64206264777 51797 8696051
64518361518 51602 8706051
64829874259 51409 8716051
65140796202 51218 8726051
65451120833 51028 8736051
65760841915 50839 8746051
66069953479 50652 8756051
66378449810 50466 8766051
66686325445 50282 8776051
66993575159 50099 8786051
67300193958 49917 8796051
67606177074 49737 8806051
67911519953 49558 8816051
68216218250 49381 8826051
68520267822 49205 8836051
68823664721 49030 8846051
69126405183 48856 8856051
69428485631 48684 8866051
69729902659 48513 8876051
70030653030 48343 8886051
70330733673 48175 8896051
70630141673 48008 8906051
70928874267 47842 8916051
71226928840 47677 8926051
71524302918 47513 8936051
71820994165 47351 8946051
72117000377 47189 8956051
72412319478 47029 8966051
72706949515 46870 8976051
73000888655 46712 8986051
73294135180 46555 8996051
73586687484 46400 9006051
73878544067 46245 9016051
74169703534 46091 9026051
74460164589 45939 9036051
74749926034 45787 9046051
75038986763 45637 9056051
75327345762 45488 9066051
75615002102 45339 9076051
75901954940 45192 9086051
76188203514 45046 9096051
76473747139 44900 9106051
76758585207 44756 9116051
77042717183 44612 9126051
77326142601 44470 9136051
77608861066 44328 9146051
77890872246 44188 9156051
78172175874 44048 9166051
78452771744 43909 9176051
78732659709 43771 9186051
79011839677 43634 9196051
79290311616 43498 9206051
79568075542 43363 9216051
79845131525 43229 9226051
80121479684 43095 9236051
80397120185 42963 9246051
80672053241 42831 9256051
80946279108 42700 9266051
81219798086 42570 9276051
81492610515 42440 9286051
81764716777 42312 9296051
82036117289 42184 9306051
82306812508 42057 9316051
82576802925 41931 9326051
82846089066 41806 9336051
83114671489 41681 9346051
83382550784 41557 9356051
83649727573 41434 9366051
83916202506 41312 9376051
84181976262 41190 9386051
84447049547 41069 9396051
84711423094 40949 9406051
84975097660 40830 9416051
85238074028 40711 9426051
85500353002 40593 9436051
85761935411 40476 9446051
86022822105 40359 9456051
86283013953 40243 9466051
86542511845 40128 9476051
86801316692 40013 9486051
87059429419 39899 9496051
87316850973 39786 9506051
87573582315 39673 9516051
87829624423 39561 9526051
88084978292 39450 9536051
88339644929 39339 9546051
88593625357 39229 9556051
88846920613 39119 9566051
89099531745 39011 9576051
89351459815 38902 9586051
89602705896 38795 9596051
89853271073 38688 9606051
90103156442 38581 9616051
90352363108 38475 9626051
90600892186 38370 9636051
90848744802 38265 9646051
91095922089 38161 9656051
91342425188 38057 9666051
91588255250 37954 9676051
91833413432 37852 9686051
92077900899 37750 9696051
92321718821 37648 9706051
92564868377 37548 9716051
92807350749 37447 9726051
93049167128 37347 9736051
93290318706 37248 9746051
93530806685 37149 9756051
93770632267 37051 9766051
94009796662 36954 9776051
94248301081 36856 9786051
94486146739 36760 9796051
94723334858 36663 9806051
94959866658 36568 9816051
95195743366 36473 9826051
95430966210 36378 9836051
95665536419 36284 9846051
95899455226 36190 9856051
96132723866 36097 9866051
96365343575 36004 9876051
96597315589 35911 9886051
96828641148 35819 9896051
97059321492 35728 9906051
97289357860 35637 9916051
97518751494 35547 9926051
97747503636 35457 9936051
97975615527 35367 9946051
98203088409 35278 9956051
98429923524 35189 9966051
98656122114 35101 9976051
98881685420 35013 9986051
99106614682 34925 9996051
99330911140 34838 10006051
99554576034 34752 10016051
99777610601 34666 10026051
100000016079 34580 10036051
100221793704 34494 10046051
100442944709 34409 10056051
100663470327 34325 10066051
100883371790 34241 10076051
101102650328 34157 10086051
101321307167 34074 10096051
101539343535 33991 10106051
101756760654 33908 10116051
101973559747 33826 10126051
102189742033 33744 10136051
102405308728 33663 10146051
102620261048 33582 10156051
102834600205 33501 10166051
103048327409 33421 10176051
103261443867 33341 10186051
103473950782 33261 10196051
103685849357 33182 10206051
103897140791 33103 10216051
104107826279 33025 10226051
104317907013 32947 10236051
104527384184 32869 10246051
104736258978 32791 10256051
104944532580 32714 10266051
105152206168 32638 10276051
105359280920 32561 10286051
105565758009 32485 10296051
105771638606 32410 10306051
105976923878 32334 10316051
106181614988 32259 10326051
106385713096 32185 10336051
106589219359 32110 10346051
106792134928 32036 10356051
106994460953 31962 10366051
107196198579 31889 10376051
107397348949 31816 10386051
107597913200 31743 10396051
107797892466 31671 10406051
107997287879 31599 10416051
108196100564 31527 10426051
108394331644 31456 10436051
108591982238 31384 10446051
108789053461 31313 10456051
108985546425 31243 10466051
109181462236 31173 10476051
109376801997 31103 10486051
109571566808 31033 10496051
109765757764 30964 10506051
109959375957 30895 10516051
110152422472 30826 10526051
110344898393 30757 10536051
110536804800 30689 10546051
110728142767 30621 10556051
110918913365 30554 10566051
111109117661 30486 10576051
111298756717 30419 10586051
111487831592 30352 10596051
111676343340 30286 10606051
111864293012 30220 10616051
112051681653 30154 10626051
112238510306 30088 10636051
112424780007 30023 10646051
112610491792 29958 10656051
112795646688 29893 10666051
112980245722 29828 10676051
113164289915 29764 10686051
113347780283 29700 10696051
113530717839 29636 10706051
113713103591 29572 10716051
113894938544 29509 10726051
114076223699 29446 10736051
114256960050 29383 10746051
114437148590 29321 10756051
114616790306 29258 10766051
114795886182 29196 10776051
114974437197 29135 10786051
115152444326 29073 10796051
115329908540 29012 10806051
115506830806 28951 10816051
115683212086 28890 10826051
115859053338 28830 10836051
116034355517 28769 10846051
116209119573 28709 10856051
116383346451 28649 10866051
116557037094 28590 10876051
116730192440 28531 10886051
116902813420 28471 10896051
117074900966 28413 10906051
117246456002 28354 10916051
117417479450 28296 10926051
117587972226 28237 10936051
117757935244 28179 10946051
117927369412 28122 10956051
118096275635 28064 10966051
118264654814 28007 10976051
118432507846 27950 10986051
118599835623 27893 10996051
118766639034 27837 11006051
118932918963 27780 11016051
119098676291 27724 11026051
119263911895 27668 11036051
119428626646 27613 11046051
119592821414 27557 11056051
119756497063 27502 11066051
119919654453 27447 11076051
120082294441 27392 11086051
120244417881 27337 11096051
120406025619 27283 11106051
120567118502 27229 11116051
120727697370 27175 11126051
120887763060 27121 11136051
121047316405 27067 11146051
121206358234 27014 11156051
121364889373 26961 11166051
121522910643 26908 11176051
121680422862 26855 11186051
121837426843 26803 11196051
121993923396 26750 11206051
122149913327 26698 11216051
122305397440 26646 11226051
122460376531 26594 11236051
122614851397 26543 11246051
122768822827 26491 11256051
122922291609 26440 11266051
123075258527 26389 11276051
123227724361 26339 11286051
123379689886 26288 11296051
123531155875 26238 11306051
123682123096 26187 11316051
123832592314 26137 11326051
123982564292 26088 11336051
124132039785 26038 11346051
124281019549 25989 11356051
124429504334 25939 11366051
124577494887 25890 11376051
124724991950 25841 11386051
124871996263 25793 11396051
125018508563 25744 11406051
125164529582 25696 11416051
125310060049 25648 11426051
125455100688 25600 11436051
125599652223 25552 11446051
125743715371 25505 11456051
125887290847 25457 11466051
126030379362 25410 11476051
126172981625 25363 11486051
126315098340 25316 11496051
126456730208 25270 11506051
126597877926 25223 11516051
126738542188 25177 11526051
126878723686 25131 11536051
127018423106 25085 11546051
127157641133 25039 11556051
127296378447 24993 11566051
127434635725 24948 11576051
127572413642 24903 11586051
127709712867 24857 11596051
127846534069 24813 11606051
127982877910 24768 11616051
128118745052 24723 11626051
128254136153 24679 11636051
128389051865 24635 11646051
128523492840 24591 11656051
128657459726 24547 11666051
128790953166 24503 11676051
128923973803 24459 11686051
129056522274 24416 11696051
129188599214 24373 11706051
129320205254 24330 11716051
129451341023 24287 11726051
129582007147 24244 11736051
129712204247 24201 11746051
129841932942 24159 11756051
129971193848 24117 11766051
130099987578 24075 11776051
130228314742 24033 11786051
130356175947 23991 11796051
130483571795 23949 11806051
130610502888 23908 11816051
130736969822 23867 11826051
130862973193 23826 11836051
130988513591 23785 11846051
131113591606 23744 11856051
131238207822 23703 11866051
131362362822 23663 11876051
131486057185 23622 11886051
131609291488 23582 11896051
131732066305 23542 11906051
131854382206 23502 11916051
131976239758 23463 11926051
132097639526 23423 11936051
132218582073 23384 11946051
132339067957 23345 11956051
132459097735 23306 11966051
132578671959 23267 11976051
132697791180 23228 11986051
132816455945 23189 11996051
132934666800 23151 12006051
133052424285 23112 12016051
133169728941 23074 12026051
133286581303 23036 12036051
133402981905 22998 12046051
133518931277 22961 12056051
133634429948 22923 12066051
133749478442 22886 12076051
133864077282 22848 12086051
133978226987 22811 12096051
134091928075 22774 12106051
134205181060 22738 12116051
134317986454 22701 12126051
134430344764 22664 12136051
134542256498 22628 12146051
134653722158 22592 12156051
134764742246 22556 12166051
134875317260 22520 12176051
134985447695 22484 12186051
135095134045 22448 12196051
135204376798 22413 12206051
135313176444 22378 12216051
135421533468 22342 12226051
135529448350 22307 12236051
135636921573 22272 12246051
135743953612 22238 12256051
135850544943 22203 12266051
135956696037 22168 12276051
136062407365 22134 12286051
136167679394 22100 12296051
136272512588 22066 12306051
136376907409 22032 12316051
136480864317 21998 12326051
136584383769 21965 12336051
136687466220 21931 12346051
136790112121 21898 12356051
136892321923 21864 12366051
136994096072 21831 12376051
137095435014 21799 12386051
137196339190 21766 12396051
137296809042 21733 12406051
137396845005 21701 12416051
137496447515 21668 12426051
137595617005 21636 12436051
137694353905 21604 12446051
137792658643 21572 12456051
137890531645 21540 12466051
137987973333 21508 12476051
138084984128 21477 12486051
138181564449 21445 12496051
138277714712 21414 12506051
138373435331 21383 12516051
138468726717 21352 12526051
138563589279 21321 12536051
138658023424 21291 12546051
138752029557 21260 12556051
138845608079 21230 12566051
138938759391 21199 12576051
139031483890 21169 12586051
139123781972 21139 12596051
139215654030 21109 12606051
139307100455 21079 12616051
139398121635 21050 12626051
139488717956 21020 12636051
139578889804 20991 12646051
139668637560 20962 12656051
139757961603 20933 12666051
139846862312 20904 12676051
139935340061 20875 12686051
140023395224 20846 12696051
140111028171 20818 12706051
140198239272 20789 12716051
140285028894 20761 12726051
140371397400 20733 12736051
140457345153 20705 12746051
140542872513 20677 12756051
140627979838 20649 12766051
140712667485 20622 12776051
140796935806 20594 12786051
140880785154 20567 12796051
140964215878 20539 12806051
141047228327 20512 12816051
141129822844 20485 12826051
141211999773 20459 12836051
141293759456 20432 12846051
141375102232 20405 12856051
141456028438 20379 12866051
141536538409 20353 12876051
141616632477 20326 12886051
141696310974 20300 12896051
141775574229 20275 12906051
141854422569 20249 12916051
141932856317 20223 12926051
142010875798 20198 12936051
142088481332 20172 12946051
142165673237 20147 12956051
142242451831 20122 12966051
142318817429 20097 12976051
142394770342 20072 12986051
142470310882 20047 12996051
142545439358 20023 13006051
142620156076 19998 13016051
142694461342 19974 13026051
142768355459 19950 13036051
142841838727 19926 13046051
142914911446 19902 13056051
142987573912 19878 13066051
143059826421 19854 13076051
143131669266 19831 13086051
143203102739 19807 13096051
143274127129 19784 13106051
143344742722 19761 13116051
143414949806 19738 13126051
143484748664 19715 13136051
143554139577 19692 13146051
143623122826 19670 13156051
143691698688 19647 13166051
143759867439 19625 13176051
143827629355 19602 13186051
143894984707 19580 13196051
143961933766 19558 13206051
144028476800 19536 13216051
144094614077 19515 13226051
144160345862 19493 13236051
144225672417 19472 13246051
144290594004 19450 13256051
144355110883 19429 13266051
144419223311 19408 13276051
144482931545 19387 13286051
144546235837 19366 13296051
144609136441 19345 13306051
144671633606 19325 13316051
144733727582 19304 13326051
144795418616 19284 13336051
144856706951 19264 13346051
144917592833 19244 13356051
144978076501 19224 13366051
145038158197 19204 13376051
145097838157 19184 13386051
145157116618 19165 13396051
145215993815 19145 13406051
145274469980 19126 13416051
145332545343 19107 13426051
145390220135 19088 13436051
145447494582 19069 13446051
145504368910 19050 13456051
145560843344 19031 13466051
145616918104 19013 13476051
145672593413 18994 13486051
145727869488 18976 13496051
145782746547 18958 13506051
145837224804 18940 13516051
145891304474 18922 13526051
145944985768 18904 13536051
145998268897 18887 13546051
146051154069 18869 13556051
146103641491 18852 13566051
146155731368 18835 13576051
146207423904 18817 13586051
146258719299 18800 13596051
146309617755 18784 13606051
146360119470 18767 13616051
146410224640 18750 13626051
146459933460 18734 13636051
146509246125 18717 13646051
146558162825 18701 13656051
146606683750 18685 13666051
146654809090 18669 13676051
146702539030 18653 13686051
146749873757 18637 13696051
146796813453 18622 13706051
146843358300 18606 13716051
146889508479 18591 13726051
146935264169 18576 13736051
146980625545 18561 13746051
147025592783 18546 13756051
147070166058 18531 13766051
147114345541 18516 13776051
147158131403 18502 13786051
147201523813 18487 13796051
147244522937 18473 13806051
147287128942 18459 13816051
147329341991 18445 13826051
147371162247 18431 13836051
147412589871 18417 13846051
147453625023 18403 13856051
147494267859 18390 13866051
147534518536 18376 13876051
147574377208 18363 13886051
147613844029 18350 13896051
147652919149 18337 13906051
147691602719 18324 13916051
147729894886 18311 13926051
147767795798 18298 13936051
147805305598 18286 13946051
147842424432 18273 13956051
147879152440 18261 13966051
147915489763 18249 13976051
147951436541 18237 13986051
147986992909 18225 13996051
148022159004 18213 14006051
148056934960 18202 14016051
148091320910 18190 14026051
148125316984 18179 14036051
148158923313 18168 14046051
148192140024 18156 14056051
148224967243 18145 14066051
148257405096 18135 14076051
148289453706 18124 14086051
148321113195 18113 14096051
148352383683 18103 14106051
148383265288 18092 14116051
148413758129 18082 14126051
148443862321 18072 14136051
148473577978 18062 14146051
148502905213 18052 14156051
148531844137 18042 14166051
148560394860 18033 14176051
148588557490 18023 14186051
148616332134 18014 14196051
148643718896 18005 14206051
148670717881 17996 14216051
148697329191 17987 14226051
148723552926 17978 14236051
148749389185 17969 14246051
148774838067 17961 14256051
148799899667 17952 14266051
148824574079 17944 14276051
148848861399 17936 14286051
148872761715 17928 14296051
148896275121 17920 14306051
148919401702 17912 14316051
148942141548 17904 14326051
148964494744 17897 14336051
148986461374 17889 14346051
149008041520 17882 14356051
149029235265 17875 14366051
149050042687 17868 14376051
149070463866 17861 14386051
149090498879 17854 14396051
149110147800 17848 14406051
149129410703 17841 14416051
149148287661 17835 14426051
149166778746 17829 14436051
149184884026 17822 14446051
149202603570 17816 14456051
149219937444 17811 14466051
149236885713 17805 14476051
149253448441 17799 14486051
149269625691 17794 14496051
149285417522 17788 14506051
149300823995 17783 14516051
149315845167 17778 14526051
149330481095 17773 14536051
149344731833 17768 14546051
149358597434 17764 14556051
149372077952 17759 14566051
149385173436 17755 14576051
149397883936 17750 14586051
149410209499 17746 14596051
149422150171 17742 14606051
149433705998 17738 14616051
149444877021 17734 14626051
149455663285 17731 14636051
149466064828 17727 14646051
149476081690 17724 14656051
149485713907 17720 14666051
149494961518 17717 14676051
149503824555 17714 14686051
149512303052 17711 14696051
149520397041 17708 14706051
149528106553 17706 14716051
149535431615 17703 14726051
149542372256 17701 14736051
149548928501 17699 14746051
149555100375 17696 14756051
149560887901 17694 14766051
149566291100 17693 14776051
149571309994 17691 14786051
149575944600 17689 14796051
149580194936 17688 14806051
149584061019 17686 14816051
149587542861 17685 14826051
149590640477 17684 14836051
149593353878 17683 14846051
149595683074 17682 14856051
149597628073 17681 14866051
149599188884 17681 14876051
149600365512 17680 14886051
149601157961 17680 14896051
149601566235 17680 14906051
149601590334 17680 14916051
149601230259 17680 14926051
149600486009 17680 14936051
149599357580 17680 14946051
149597844969 17681 14956051
149595948170 17681 14966051
149593667176 17682 14976051
149591001978 17683 14986051
149587952566 17684 14996051
149584518929 17685 15006051
149580701055 17686 15016051
149576498928 17688 15026051
149571912533 17689 15036051
149566941853 17691 15046051
149561586869 17692 15056051
149555847562 17694 15066051
149549723909 17696 15076051
149543215889 17698 15086051
149536323476 17701 15096051
149529046644 17703 15106051
149521385368 17705 15116051
149513339617 17708 15126051
149504909362 17711 15136051
149496094570 17714 15146051
149486895211 17717 15156051
149477311247 17720 15166051
149467342645 17723 15176051
149456989366 17727 15186051
149446251372 17730 15196051
149435128622 17734 15206051
149423621076 17738 15216051
149411728688 17741 15226051
149399451416 17746 15236051
149386789213 17750 15246051
149373742032 17754 15256051
149360309823 17758 15266051
149346492537 17763 15276051
149332290121 17768 15286051
149317702523 17773 15296051
149302729686 17777 15306051
149287371557 17783 15316051
149271628075 17788 15326051
149255499183 17793 15336051
149238984821 17799 15346051
149222084925 17804 15356051
149204799432 17810 15366051
149187128278 17816 15376051
149169071396 17822 15386051
149150628719 17828 15396051
149131800176 17834 15406051
149112585697 17840 15416051
149092985210 17847 15426051
149072998641 17854 15436051
149052625914 17860 15446051
149031866954 17867 15456051
149010721682 17874 15466051
148989190017 17881 15476051
148967271880 17889 15486051
148944967188 17896 15496051
148922275856 17903 15506051
148899197799 17911 15516051
148875732929 17919 15526051
148851881159 17927 15536051
148827642398 17935 15546051
148803016555 17943 15556051
148778003537 17951 15566051
148752603249 17960 15576051
148726815595 17968 15586051
148700640478 17977 15596051
148674077799 17986 15606051
148647127458 17995 15616051
148619789351 18004 15626051
148592063377 18013 15636051
148563949430 18022 15646051
148535447403 18032 15656051
148506557188 18041 15666051
148477278677 18051 15676051
148447611757 18061 15686051
148417556317 18071 15696051
148387112243 18081 15706051
148356279418 18091 15716051
148325057725 18101 15726051
148293447047 18112 15736051
148261447263 18122 15746051
148229058251 18133 15756051
148196279888 18144 15766051
148163112050 18155 15776051
148129554610 18166 15786051
148095607440 18177 15796051
148061270411 18189 15806051
148026543392 18200 15816051
147991426251 18212 15826051
147955918854 18224 15836051
147920021065 18235 15846051
147883732747 18247 15856051
147847053762 18260 15866051
147809983969 18272 15876051
147772523227 18284 15886051
147734671392 18297 15896051
147696428320 18309 15906051
147657793863 18322 15916051
147618767875 18335 15926051
147579350206 18348 15936051
147539540703 18361 15946051
147499339216 18375 15956051
147458745588 18388 15966051
147417759665 18401 15976051
147376381290 18415 15986051
147334610302 18429 15996051
147292446541 18443 16006051
147249889845 18457 16016051
147206940051 18471 16026051
147163596992 18485 16036051
147119860502 18500 16046051
147075730412 18514 16056051
147031206552 18529 16066051
146986288749 18544 16076051
146940976831 18559 16086051
146895270622 18574 16096051
146849169945 18589 16106051
146802674623 18604 16116051
146755784474 18620 16126051
146708499318 18635 16136051
146660818972 18651 16146051
146612743249 18667 16156051
146564271964 18683 16166051
146515404928 18699 16176051
146466141952 18715 16186051
146416482844 18732 16196051
146366427410 18748 16206051
146315975457 18765 16216051
146265126787 18781 16226051
146213881202 18798 16236051
146162238503 18815 16246051
146110198488 18832 16256051
146057760953 18850 16266051
146004925694 18867 16276051
145951692504 18884 16286051
145898061175 18902 16296051
145844031496 18920 16306051
145789603257 18938 16316051
145734776244 18956 16326051
145679550242 18974 16336051
145623925033 18992 16346051
145567900399 19010 16356051
145511476121 19029 16366051
145454651976 19048 16376051
145397427740 19066 16386051
145339803188 19085 16396051
145281778092 19104 16406051
145223352225 19124 16416051
145164525354 19143 16426051
145105297249 19162 16436051
145045667673 19182 16446051
144985636393 19201 16456051
144925203169 19221 16466051
144864367762 19241 16476051
144803129931 19261 16486051
144741489434 19281 16496051
144679446024 19302 16506051
144616999457 19322 16516051
144554149482 19343 16526051
144490895850 19363 16536051
144427238309 19384 16546051
144363176605 19405 16556051
144298710483 19426 16566051
144233839685 19447 16576051
144168563951 19469 16586051
144102883021 19490 16596051
144036796631 19512 16606051
143970304518 19534 16616051
143903406413 19555 16626051
143836102050 19577 16636051
143768391156 19600 16646051
143700273461 19622 16656051
143631748690 19644 16666051
143562816568 19667 16676051
143493476815 19689 16686051
143423729154 19712 16696051
143353573302 19735 16706051
143283008975 19758 16716051
143212035889 19781 16726051
143140653755 19804 16736051
143068862286 19828 16746051
142996661189 19851 16756051
142924050172 19875 16766051
142851028940 19899 16776051
142777597196 19923 16786051
142703754641 19947 16796051
142629500974 19971 16806051
142554835893 19995 16816051
142479759093 20020 16826051
142404270267 20044 16836051
142328369107 20069 16846051
142252055303 20094 16856051
142175328540 20119 16866051
142098188506 20144 16876051
142020634884 20169 16886051
141942667354 20194 16896051
141864285597 20220 16906051
141785489290 20246 16916051
141706278108 20271 16926051
141626651725 20297 16936051
141546609813 20323 16946051
141466152039 20349 16956051
141385278073 20376 16966051
141303987578 20402 16976051
141222280219 20429 16986051
141140155655 20455 16996051
141057613547 20482 17006051
140974653552 20509 17016051
140891275323 20536 17026051
140807478515 20563 17036051
140723262777 20591 17046051
140638627758 20618 17056051
140553573105 20646 17066051
140468098462 20673 17076051
140382203472 20701 17086051
140295887773 20729 17096051
140209151005 20757 17106051
140121992803 20786 17116051
140034412800 20814 17126051
139946410629 20843 17136051
139857985918 20871 17146051
139769138294 20900 17156051
139679867383 20929 17166051
139590172807 20958 17176051
139500054187 20987 17186051
139409511141 21017 17196051
139318543284 21046 17206051
139227150232 21076 17216051
139135331596 21105 17226051
